2071    84.48
2062    89.78
2052    90.97
2083    87.52
2035    83.33
2088    84.62
2066    84.34
2072    85.47
2021    80.83
2034    85.19
2082    88.52
2070    87.36
2064    84.39
2063    87.28
2017    86.21
2061    89.9
2068    80.82
2057    80.56
2159    82.14
2191    80.16
2147    88.89
2198    80.89
2166    83.18
2158    92.17
2184    89.0
2151    84.21
2107    91.37
2190    86.91
2163    82.38
2179    100.0
2120    83.54
2106    81.97
2150    100.0
2162    86.11
2196    87.16
2197    91.61
2148    85.71
2124    91.67
2145    90.48
2130    100.0
2161    81.73
2116    83.08
2245    85.96
2295    82.05
2248    93.4
2291    90.91
2288    89.7
2282    92.28
2294    95.71
2233    89.77
2241    88.78
2286    88.51
2284    93.55
2290    88.46
2251    87.33
2202    82.87
2250    86.08
2292    88.46
2281    94.03
2243    85.9
2239    81.69
2296    96.49
2268    84.21
2287    85.99
2269    81.82
2203    83.33
2272    88.89
2247    85.43
2333    88.24
2334    91.27
2379    81.25
2341    81.01
2360    85.71
2362    88.71
2358    83.72
2321    81.55
2329    86.14
2383    90.48
2357    95.5
2325    81.08
2324    89.29
2326    83.63
2389    83.99
2434    88.41
2484    80.48
2485    87.35
2403    91.43
2410    93.22
2412    93.75
2416    90.91
2481    84.69
2406    87.5
2425    82.68
2488    83.84
2421    93.75
2400    89.55
2409    100.0
2402    85.71
2483    91.45
2408    89.19
2478    82.25
2585    81.43
2531    88.46
2557    92.43
2515    92.79
2545    93.2
2572    94.83
2536    93.94
2524    93.22
2588    93.22
2543    85.94
2533    81.25
2544    88.04
2584    86.49
2530    100.0
2546    89.06
2569    92.31
2568    100.0
2538    93.22
2541    83.87
2525    88.1
2535    94.19
2513    81.93
2521    82.5
2586    84.44
2587    98.15
2547    90.27
2582    88.24
2581    91.95
2566    92.86
2571    85.71
2560    83.74
2542    81.54
2519    82.96
2512    87.34
2540    91.23
2532    83.33
2539    93.88
2649    85.0
2615    82.86
2675    88.98
2654    100.0
2672    85.37
2685    87.69
2651    93.88
2646    86.89
2690    89.91
2617    92.06
2611    90.06
2633    81.94
2643    81.48
2640    84.48
2681    93.29
2678    86.11
2697    84.94
2613    80.54
2650    87.5
2677    88.61
2639    91.07
2614    84.01
2655    87.5
2670    89.17
2731    96.05
2728    89.23
2790    80.56
2785    84.78
2732    85.06
2782    94.32
2700    87.64
2756    86.69
2783    84.94
2796    89.06
2787    95.54
2759    85.44
2701    86.32
2738    83.05
2794    92.31
2730    86.54
2795    87.5
2789    86.84
2797    91.84
2791    89.29
2733    90.61
2838    100.0
2863    84.62
2866    93.23
2809    100.0
2841    100.0
2819    81.25
2828    87.78
2831    88.51
2883    89.74
2817    80.92
2807    85.71
2826    85.71
2820    89.47
2846    88.89
2891    91.16
2869    86.0
2825    85.29
2824    89.19
2877    82.74
2890    81.19
2881    91.35
2816    94.56
2843    100.0
2832    91.35
2839    82.46
2829    81.4
2887    88.32
2862    91.53
2827    90.68
2818    89.11
2840    100.0
2815    84.59
2858    89.83
2836    86.67
2865    92.51
2876    88.54
2961    84.31
2911    87.31
2954    85.71
2972    80.99
2931    89.61
2968    90.4
2959    84.21
2969    92.31
2922    81.2
2953    81.03
2955    84.44
2963    88.89
2936    92.38
2951    100.0
2943    88.89
2965    87.21
2995    82.78
3098    85.84
3093    92.15
3084    96.58
3026    83.05
3051    91.04
3074    86.67
3077    95.1
3055    94.2
3071    89.6
3059    95.69
3082    82.05
3031    82.22
3073    89.36
3027    82.63
3056    94.71
3008    86.9
3033    84.96
3013    91.03
3005    88.02
3012    85.01
3076    83.93
3029    85.03
3003    91.05
3034    87.47
3006    95.55
3097    88.24
3083    94.12
3057    93.24
3079    86.84
3045    94.35
3015    88.74
3157    82.74
3147    95.52
3170    83.7
3129    87.76
3184    89.77
3187    92.0
3146    81.01
3179    89.58
3135    94.42
3191    82.35
3171    87.38
3182    87.72
3180    86.54
3185    83.72
3113    80.32
3142    89.69
3150    86.84
3197    81.9
3125    91.32
3186    83.87
3183    86.27
3131    90.58
3154    88.14
3193    100.0
3143    87.44
3173    92.68
3128    89.4
3267    85.29
3203    81.01
3275    85.37
3291    81.47
3270    94.59
3214    86.01
3278    86.08
3218    93.18
3225    87.27
3227    100.0
3283    87.28
3288    85.01
3222    85.29
3281    95.2
3239    82.35
3213    87.46
3274    96.85
3293    91.06
3280    87.86
3223    83.78
3279    94.95
3212    84.62
3276    84.04
3263    88.89
3271    80.51
3211    90.27
3229    89.47
3268    83.33
3351    100.0
3396    87.16
3309    88.52
3304    85.48
3399    92.71
3379    86.54
3393    87.91
3305    83.77
3355    85.51
3397    87.18
3392    97.6
3391    86.52
3375    92.55
3353    84.38
3360    100.0
3359    90.91
3382    87.5
3352    87.5
3380    83.78
3357    85.94
3398    83.12
3394    82.0
3363    85.71
3344    90.16
3390    84.81
3384    87.5
3354    90.24
3389    93.68
3395    95.05
3303    88.51
3342    91.29
3362    100.0
3381    82.93
3387    82.67
3484    81.82
3414    91.89
3461    85.71
3428    85.11
3415    85.17
3404    86.67
3436    86.67
3411    87.25
3403    84.54
3418    89.1
3400    83.9
3487    89.19
3473    88.58
3440    82.35
3457    100.0
3413    89.77
3485    91.55
3474    84.97
3495    83.97
3470    92.67
3475    81.71
3416    86.53
3498    95.34
3401    90.59
3490    82.35
3410    93.95
3494    86.36
3439    85.71
3435    80.53
3472    87.43
3574    80.29
3530    91.21
3562    82.1
3568    81.54
3594    92.94
3535    88.89
3571    91.95
3539    86.54
3542    81.89
3579    91.91
3572    82.5
3537    91.1
3546    86.54
3541    84.81
3543    92.36
3501    84.06
3540    91.89
3518    81.82
3598    87.93
3549    96.88
3551    100.0
3576    89.85
3516    87.88
3569    89.68
3504    80.74
3581    80.6
3544    88.05
3582    94.44
3527    88.93
3573    91.5
3515    87.2
3595    90.58
3599    90.36
3524    80.58
3523    84.21
3596    94.4
3534    86.7
3520    80.63
3617    80.37
3686    81.2
3672    82.02
3632    88.1
3656    90.83
3625    92.47
3602    91.95
3694    82.14
3677    89.11
3626    83.21
3695    87.19
3680    81.25
3610    83.33
3635    88.97
3621    84.67
3639    95.06
3620    81.32
3644    86.33
3651    84.66
3631    83.64
3670    85.52
3641    84.19
3628    81.82
3637    80.15
3638    93.6
3689    93.55
3691    94.7
3673    81.42
3692    87.64
3687    86.86
3600    92.44
3619    93.04
3671    80.87
3642    88.83
3654    89.34
3693    94.37
3616    95.08
3669    91.78
3606    84.62
3726    84.78
3758    96.89
3712    85.04
3736    82.87
3763    87.79
3798    82.86
3725    85.09
3779    93.46
3772    89.01
3720    87.69
3785    88.83
3790    90.48
3710    82.01
3756    81.05
3721    90.48
3796    88.79
3715    100.0
3760    83.95
3774    89.09
3752    88.67
3719    80.95
3750    88.89
3724    87.2
3700    93.33
3757    84.15
3716    82.0
3728    87.0
3708    91.0
3884    94.97
3883    93.09
3853    89.23
3855    88.52
3815    89.86
3803    100.0
3859    87.27
3812    85.37
3818    90.0
3866    89.19
3821    81.68
3886    85.25
3857    94.44
3836    84.24
3829    94.05
3881    100.0
3856    83.33
3849    87.86
3871    84.91
3851    91.18
3835    80.47
3845    85.71
3882    89.52
3852    86.36
3889    86.86
3816    93.64
3887    92.95
3833    94.54
3831    90.57
3846    87.72
3822    88.49
3820    82.42
3828    89.61
3826    82.76
3850    87.76
3890    86.32
3860    87.88
3837    80.48
3840    91.67
3847    94.29
3838    83.23
3939    84.85
3997    93.55
3934    92.67
3953    88.61
3904    90.52
3979    94.08
3989    86.22
3995    81.97
3958    84.47
3956    92.02
3986    84.67
3915    90.67
3900    93.66
3917    93.33
3959    81.25
3933    82.58
3971    90.94
3925    84.38
3912    83.88
3973    84.44
3901    83.42
3902    81.25
3942    88.83
3929    83.92
3911    92.76
3937    95.65
3946    87.1
3983    81.55
3963    84.78
3903    84.26
3918    90.57
3988    86.14
3969    90.91
3935    82.38
3916    89.83
3996    87.91
3905    80.56
3960    85.1
3910    91.18
3932    81.71
3965    87.5
3914    83.16
4026    89.01
4096    88.0
4071    88.61
4057    80.17
4065    91.89
4022    92.31
4034    94.98
4056    90.16
4006    83.51
4050    80.49
4072    84.42
4004    83.67
4080    86.36
4025    80.1
4009    81.01
4033    94.78
4084    86.62
4068    85.29
4031    91.94
4086    88.54
4041    85.82
4069    90.74
4007    91.03
4044    90.48
4028    82.69
4035    82.99
4055    84.48
4040    97.93
4073    90.7
4020    89.47
4062    80.68
4036    84.21
4058    96.51
4095    93.64
4167    89.7
4166    82.05
4110    94.47
4157    94.39
4147    95.83
4191    93.86
4146    84.51
4173    82.98
4123    87.85
4153    81.54
4128    81.84
4187    93.92
4171    86.57
4117    90.29
4138    87.84
4142    90.73
4197    87.91
4127    80.52
4102    86.49
4144    85.59
4154    94.32
4122    90.0
4158    96.41
4104    94.49
4116    85.19
4159    97.94
4139    92.02
4162    89.25
4114    94.39
4109    83.85
4174    89.09
4124    88.82
4190    85.38
4168    92.66
4161    97.18
4118    82.17
4194    100.0
4165    85.19
4169    82.43
4170    93.13
4151    82.76
4236    82.74
4294    80.26
4260    86.5
4271    90.6
4291    82.95
4247    87.04
4279    97.95
4216    89.49
4238    92.97
4239    86.52
4202    90.38
4215    97.17
4203    82.02
4232    94.89
4235    92.47
4214    91.16
4225    83.55
4263    82.86
4212    87.13
4259    82.22
4280    87.22
4292    82.07
4201    89.35
4258    83.33
4256    90.32
4249    92.21
4289    87.17
4227    80.85
4272    88.68
4228    89.94
4293    84.93
4299    89.93
4287    83.95
4267    83.1
4222    83.95
4234    92.18
4282    86.24
4210    82.82
4233    92.13
4262    90.94
4255    83.69
4205    85.71
4231    80.85
4298    82.11
4286    84.17
4284    80.67
4264    93.33
4296    80.05
4326    80.51
4342    81.58
4353    89.47
4362    84.36
4338    81.82
4396    86.67
4303    80.73
4324    85.66
4340    83.38
4329    87.39
4379    85.5
4366    80.46
4382    88.33
4377    92.22
4394    80.81
4367    93.67
4304    81.33
4314    81.82
4360    81.48
4376    83.48
4301    88.46
4378    83.33
4388    84.24
4307    90.16
4302    82.72
4365    83.24
4421    82.26
4454    81.65
4405    97.18
4482    90.3
4450    87.96
4452    86.21
4461    86.98
4495    85.99
4497    81.95
4475    86.92
4422    90.43
4490    82.67
4485    95.54
4423    91.5
4433    88.02
4435    88.94
4437    96.25
4411    87.91
4428    85.92
4403    92.52
4446    86.67
4462    83.78
4486    94.12
4484    92.54
4481    94.55
4476    86.59
4473    90.94
4448    85.79
4401    88.24
4445    81.38
4420    88.89
4426    85.71
4496    91.0
4456    93.17
4489    90.08
4441    81.48
4460    81.25
4413    90.32
4425    86.72
4472    87.87
4408    94.95
4418    89.66
4540    91.2
4577    85.25
4555    87.59
4553    92.33
4524    89.29
4502    90.0
4525    80.83
4537    83.0
4559    88.19
4512    91.67
4571    86.46
4575    91.54
4533    88.57
4554    95.02
4596    89.33
4542    83.46
4526    80.98
4507    92.86
4574    89.55
4557    94.04
4565    83.02
4566    88.41
4505    90.87
4504    82.87
4561    81.36
4558    90.73
4543    84.15
4536    91.75
4578    87.04
4572    89.32
4560    86.27
4518    100.0
4506    82.35
4552    94.84
4544    84.14
4556    94.92
4647    94.07
4611    83.15
4648    92.75
4646    92.41
4677    92.58
4662    87.84
4642    92.31
4609    89.96
4670    87.25
4673    100.0
4637    90.48
4681    91.63
4650    91.11
4698    85.71
4607    84.11
4616    87.4
4641    93.62
4667    91.11
4645    81.19
4608    89.32
4612    86.39
4603    93.28
4601    81.66
4665    93.08
4660    92.78
4672    82.35
4658    84.5
4656    91.59
4638    88.66
4696    86.67
4639    83.69
4636    95.33
4659    86.21
4661    87.83
4651    84.51
4604    87.22
4775    91.3
4724    96.33
4778    90.0
4736    92.7
4716    93.24
4741    82.05
4791    85.36
4774    93.94
4780    85.29
4731    94.19
4776    96.0
4735    90.13
4743    86.67
4713    94.08
4782    92.54
4723    92.67
4734    84.89
4779    89.19
4714    93.58
4762    100.0
4766    89.47
4788    80.92
4757    88.89
4733    82.82
4728    91.84
4763    86.67
4773    91.06
4705    81.54
4717    83.87
4758    93.55
4820    82.84
4853    95.97
4879    83.13
4813    80.39
4877    91.67
4814    88.82
4851    85.71
4836    81.13
4840    92.11
4854    83.07
4823    84.47
4838    89.58
4812    87.34
4844    83.74
4857    82.55
4835    85.92
4843    96.54
4887    90.52
4882    96.0
4847    84.91
4842    93.83
4873    93.22
4871    89.22
4875    81.7
4869    87.44
4872    88.04
4806    91.96
4885    90.91
4868    85.75
4855    90.38
4810    92.57
4856    86.88
4852    89.36
4834    82.14
4876    91.75
4874    90.5
4850    89.29
4888    92.97
4825    94.99
4923    91.81
4903    84.11
4906    85.92
4926    93.36
4922    88.1
4948    87.71
4902    80.6
4998    85.0
4904    90.11
4924    88.52
4937    87.06
4972    80.25
4916    90.0
4996    90.55
4949    82.32
4945    80.99
4920    88.92
4951    85.28
4968    83.11
4921    93.51
4927    81.69
4964    85.61
4954    91.88
4979    91.73
4966    80.37
4967    81.84
4919    84.8
4901    82.32
4925    85.71
4995    92.68
4936    89.9
4905    86.6
4944    85.11
5000    83.33
5068    85.64
5011    83.33
5033    87.1
5090    86.49
5008    92.96
5052    83.17
5066    83.25
5062    87.55
5061    84.5
5027    87.72
5059    85.84
5058    91.38
5046    86.43
5096    81.25
5053    81.29
5025    88.46
5019    81.25
5002    89.76
5060    85.23
5076    86.36
5073    81.97
5088    90.54
5063    91.67
5092    100.0
5049    85.96
5006    87.27
5047    80.62
5012    87.76
5094    82.86
5072    86.4
5010    85.71
5095    92.86
5048    82.01
5013    89.23
5065    90.94
5070    88.15
5001    94.84
5089    89.06
5056    89.33
5093    94.23
5069    88.46
5067    83.69
5034    81.43
5009    94.62
5064    81.33
5105    88.61
5110    87.29
5102    87.21
5109    83.33
5114    92.29
5131    81.71
5159    80.95
5104    91.8
5184    83.33
5155    92.86
5112    82.55
5116    81.02
5197    83.33
5191    100.0
5100    84.0
5160    82.35
5139    80.3
5180    100.0
5165    100.0
5113    97.95
5107    93.68
5130    87.68
5157    100.0
5167    100.0
5111    85.0
5138    81.12
5177    83.33
5118    84.51
5106    84.13
5145    100.0
5195    100.0
5115    88.48
2233    89.77
2239    81.69
2478    82.25
2481    84.69
2730    86.54
2728    89.23
2995    82.78
3274    96.85
3278    86.08
3271    80.51
3270    94.59
3276    84.04
3275    85.37
3562    82.1
3569    89.68
3568    81.54
3752    88.67
3736    82.87
4118    82.17
4122    90.0
4123    87.85
4124    88.82
4127    80.52
4128    81.84
4450    87.96
4448    85.79
4452    86.21
4454    81.65
4446    86.67
4445    81.38
4791    85.36
4788    80.92
5130    87.68
5131    81.71
5138    81.12
2035    83.33
2034    85.19
2179    100.0
2052    90.97
2057    80.56
2150    100.0
2147    88.89
2151    84.21
2145    90.48
2148    85.71
2158    92.17
2159    82.14
2161    81.73
2184    89.0
2203    83.33
2202    82.87
2203    83.33
2202    82.87
2203    83.33
2162    86.11
2163    82.38
2166    83.18
2106    81.97
2088    84.62
2083    87.52
2107    91.37
2063    87.28
2061    89.9
2066    84.34
2064    84.39
2062    89.78
2116    83.08
2120    83.54
2082    88.52
2130    100.0
2124    91.67
2082    88.52
2017    86.21
2021    80.83
2245    85.96
2241    88.78
2243    85.9
2403    91.43
2400    89.55
2402    85.71
2406    87.5
2421    93.75
2326    83.63
2321    81.55
2325    81.08
2324    89.29
2341    81.01
2333    88.24
2329    86.14
2334    91.27
2425    82.68
2272    88.89
2268    84.21
2269    81.82
2389    83.99
2357    95.5
2360    85.71
2358    83.72
2287    85.99
2281    94.03
2286    88.51
2288    89.7
2282    92.28
2284    93.55
2362    88.71
2295    82.05
2296    96.49
2290    88.46
2294    95.71
2292    88.46
2291    90.91
2379    81.25
2379    81.25
2383    90.48
2416    90.91
2408    89.19
2409    100.0
2412    93.75
2410    93.22
2379    81.25
2383    90.48
2247    85.43
2248    93.4
2251    87.33
2250    86.08
2519    82.96
2524    93.22
2521    82.5
2700    87.64
2697    84.94
2701    86.32
2572    94.83
2571    85.71
2569    92.31
2568    100.0
2566    92.86
2530    100.0
2531    88.46
2532    83.33
2525    88.1
2639    91.07
2633    81.94
2690    89.91
2677    88.61
2672    85.37
2675    88.98
2670    89.17
2512    87.34
2513    81.93
2515    92.79
2685    87.69
2615    82.86
2614    84.01
2611    90.06
2613    80.54
2617    92.06
2587    98.15
2586    84.44
2584    86.49
2585    81.43
2588    93.22
2581    91.95
2582    88.24
2560    83.74
2557    92.43
2640    84.48
2646    86.89
2643    81.48
2536    93.94
2533    81.25
2535    94.19
2539    93.88
2538    93.22
2649    85.0
2651    93.88
2654    100.0
2650    87.5
2655    87.5
2545    93.2
2543    85.94
2540    91.23
2544    88.04
2542    81.54
2546    89.06
2541    83.87
2547    90.27
2639    91.07
2488    83.84
2485    87.35
2484    80.48
2483    91.45
2797    91.84
2794    92.31
2791    89.29
2795    87.5
2790    80.56
2796    89.06
2890    81.19
2891    91.16
2954    85.71
2951    100.0
2953    81.03
2955    84.44
2815    84.59
2816    94.56
2819    81.25
2817    80.92
2820    89.47
2818    89.11
2809    100.0
2807    85.71
2968    90.4
2972    80.99
2969    92.31
2922    81.2
2959    84.21
2961    84.31
2965    87.21
2963    88.89
2931    89.61
2936    92.38
2756    86.69
2759    85.44
2943    88.89
2876    88.54
2877    82.74
2883    89.74
2887    88.32
2881    91.35
2827    90.68
2826    85.71
2828    87.78
2825    85.29
2824    89.19
2829    81.4
2831    88.51
2866    93.23
2869    86.0
2865    92.51
2839    82.46
2838    100.0
2836    86.67
2832    91.35
2789    86.84
2782    94.32
2783    84.94
2787    95.54
2785    84.78
2846    88.89
2843    100.0
2840    100.0
2841    100.0
2863    84.62
2862    91.53
2858    89.83
2732    85.06
2733    90.61
2738    83.05
2731    96.05
3135    94.42
3015    88.74
3012    85.01
3013    91.03
3186    83.87
3187    92.0
3193    100.0
3185    83.72
3191    82.35
3225    87.27
3229    89.47
3227    100.0
3267    85.29
3268    83.33
3263    88.89
3239    82.35
3179    89.58
3184    89.77
3182    87.72
3180    86.54
3212    84.62
3183    86.27
3222    85.29
3223    83.78
3214    86.01
3213    87.46
3218    93.18
3129    87.76
3128    89.4
3125    91.32
3131    90.58
3034    87.47
3031    82.22
3026    83.05
3027    82.63
3033    84.96
3029    85.03
3211    90.27
3212    84.62
3098    85.84
3093    92.15
3097    88.24
3154    88.14
3157    82.74
3082    82.05
3083    94.12
3079    86.84
3084    96.58
3147    95.52
3142    89.69
3143    87.44
3150    86.84
3146    81.01
3113    80.32
3059    95.69
3056    94.71
3055    94.2
3057    93.24
3197    81.9
3197    81.9
3203    81.01
3045    94.35
3051    91.04
3077    95.1
3073    89.36
3071    89.6
3076    83.93
3074    86.67
3003    91.05
3008    86.9
3006    95.55
3005    88.02
3541    84.81
3542    81.89
3534    86.7
3540    91.89
3539    86.54
3537    91.1
3535    88.89
3461    85.71
3457    100.0
3293    91.06
3288    85.01
3291    81.47
3485    91.55
3487    89.19
3484    81.82
3490    82.35
3362    100.0
3354    90.24
3355    85.51
3363    85.71
3357    85.94
3360    100.0
3359    90.91
3351    100.0
3352    87.5
3353    84.38
3546    86.54
3543    92.36
3551    100.0
3549    96.88
3544    88.05
3403    84.54
3401    90.59
3404    86.67
3399    92.71
3400    83.9
3530    91.21
3527    88.93
3524    80.58
3523    84.21
3516    87.88
3515    87.2
3520    80.63
3518    81.82
3414    91.89
3415    85.17
3411    87.25
3413    89.77
3410    93.95
3416    86.53
3303    88.51
3305    83.77
3309    88.52
3304    85.48
3504    80.74
3472    87.43
3470    92.67
3473    88.58
3475    81.71
3474    84.97
3379    86.54
3375    92.55
3494    86.36
3501    84.06
3495    83.97
3197    81.9
3428    85.11
3396    87.16
3393    87.91
3398    83.12
3390    84.81
3391    86.52
3395    95.05
3394    82.0
3381    82.93
3397    87.18
3380    83.78
3394    82.0
3390    84.81
3384    87.5
3387    82.67
3381    82.93
3382    87.5
3344    90.16
3342    91.29
3439    85.71
3435    80.53
3440    82.35
3436    86.67
3279    94.95
3281    95.2
3280    87.86
3283    87.28
3760    83.95
3756    81.05
3758    96.89
3763    87.79
3757    84.15
3803    100.0
2197    91.61
2191    80.16
2198    80.89
2196    87.16
3673    81.42
3671    80.87
3669    91.78
3672    82.02
3670    85.52
3680    81.25
3677    89.11
3171    87.38
3173    92.68
3170    83.7
3610    83.33
3606    84.62
3602    91.95
3693    94.37
3692    87.64
3694    82.14
3695    87.19
3700    93.33
3796    88.79
3798    82.86
3790    90.48
3785    88.83
3617    80.37
3620    81.32
3616    95.08
3621    84.67
3619    93.04
3720    87.69
3719    80.95
3716    82.0
3721    90.48
3715    100.0
3710    82.01
3712    85.04
3708    91.0
3638    93.6
3635    88.97
3639    95.06
3641    84.19
3637    80.15
2681    93.29
2911    87.31
2678    86.11
3644    86.33
3642    88.83
3691    94.7
3689    93.55
3687    86.86
3686    81.2
3656    90.83
3651    84.66
3654    89.34
3725    85.09
3724    87.2
3728    87.0
3726    84.78
3574    80.29
3571    91.95
3572    82.5
3498    95.34
3392    97.6
3418    89.1
3389    93.68
3573    91.5
3581    80.6
3579    91.91
3596    94.4
3594    92.95
3595    90.58
3599    90.36
3600    92.44
3598    87.93
3779    93.46
3774    89.09
3772    89.01
3581    80.6
3582    94.44
3579    91.91
3576    89.85
3628    81.82
3632    88.1
3625    92.47
3626    83.21
3631    83.64
3750    88.89
2068    80.82
2071    84.48
2070    87.36
2072    85.47
4086    88.54
4084    86.62
4117    90.29
4114    94.39
4116    85.19
4031    91.94
4028    82.69
4026    89.01
4025    80.1
4080    86.36
4022    92.31
4020    89.47
3997    93.55
4004    83.67
3996    87.91
4056    90.16
4062    80.68
4057    80.17
4058    96.51
4055    84.48
3845    85.71
3840    91.67
3937    95.65
3946    87.1
3942    88.83
3939    84.85
3901    83.42
3902    81.25
3904    90.52
3905    80.56
3903    84.26
3900    93.66
4110    94.47
4104    94.49
4109    83.85
4040    97.93
4041    85.82
4034    94.98
4033    94.78
4035    82.99
4036    84.21
4102    86.49
4096    88.0
4095    93.64
3889    86.86
3886    85.25
3884    94.97
3882    89.52
3887    92.95
3890    86.32
3883    93.09
3956    92.02
3960    85.1
3953    88.61
3958    84.47
3959    81.25
4044    90.48
4050    80.49
3973    84.44
3979    94.08
3971    90.94
3835    80.47
3837    80.48
3836    84.24
3838    83.23
3833    94.54
3831    90.57
3989    86.22
3986    84.67
3988    86.14
3983    81.55
4006    83.51
4007    91.03
4009    81.01
3929    83.92
3935    82.38
3933    82.58
3934    92.67
3932    81.71
3963    84.78
3969    90.91
3965    87.5
3917    93.33
3912    83.88
3914    83.16
3910    91.18
3915    90.67
3916    89.83
3918    90.57
3911    92.76
3925    84.38
3849    87.86
3846    87.72
3850    87.76
3852    86.36
3851    91.18
3847    94.29
3853    89.23
3881    100.0
4069    90.74
4071    88.61
3995    81.97
4072    84.42
4065    91.89
4073    90.7
4068    85.29
3821    81.68
3826    82.76
3829    94.05
3822    88.49
3828    89.61
3855    88.52
3857    94.44
3860    87.88
3859    87.27
3856    83.33
3866    89.19
3871    84.91
3995    81.97
4072    84.42
3959    81.25
3816    93.64
3818    90.0
3812    85.37
3815    89.86
3820    82.42
4366    80.46
4365    83.24
4362    84.36
4367    93.67
4158    96.41
4166    82.05
4162    89.25
4165    85.19
4161    97.18
4157    94.39
4159    97.94
4340    83.38
4338    81.82
4326    80.51
4324    85.66
4329    87.39
4396    86.67
4394    80.81
4401    88.24
4202    90.38
4201    89.35
4203    82.02
4205    85.71
4360    81.48
4353    89.47
4314    81.82
4271    90.6
4272    88.68
4342    81.58
4146    84.51
4139    92.02
4138    87.84
4142    90.73
4144    85.59
4147    95.83
4421    82.26
4420    88.89
4418    89.66
4405    97.18
4403    92.52
4413    90.32
4411    87.91
4408    94.95
4249    92.21
4255    83.69
4258    83.33
4256    90.32
4259    82.22
4260    86.5
4262    90.94
4267    83.1
4263    82.86
4264    93.33
4423    91.5
4425    86.72
4426    85.71
4428    85.92
4382    88.33
4388    84.24
4379    85.5
4378    83.33
4376    83.48
4377    92.22
4291    82.95
4292    82.07
4286    84.17
4289    87.17
4287    83.95
4294    80.26
4293    84.93
4191    93.86
4187    93.92
4190    85.38
4302    82.72
4303    80.73
4304    81.33
4296    80.05
4301    88.46
4299    89.93
4298    82.11
4284    80.67
4307    90.16
4216    89.49
4214    91.16
4215    97.17
4210    82.82
4212    87.13
4247    87.04
4238    92.97
4232    94.89
4233    92.13
4234    92.18
4239    86.52
4236    82.74
4235    92.47
4194    100.0
4197    87.91
4168    92.66
4169    82.43
4167    89.7
4173    82.98
4174    89.09
4171    86.57
4170    93.13
4280    87.22
4284    80.67
4279    97.95
4282    86.24
4280    87.22
4282    86.24
4435    88.94
4437    96.25
4433    88.02
4279    97.95
4222    83.95
4225    83.55
4422    90.43
4154    94.32
4153    81.54
4151    82.76
4228    89.94
4227    80.85
4231    80.85
4197    87.91
4282    86.24
4435    88.94
4437    96.25
4441    81.48
2190    86.91
2434    88.41
4735    90.13
4734    84.89
4736    92.7
4733    82.82
4741    82.05
4681    91.63
4677    92.58
4495    85.99
4496    91.0
4497    81.95
4502    90.0
4773    91.06
4763    86.67
4766    89.47
4673    100.0
4667    91.11
4672    82.35
4670    87.25
4524    89.29
4526    80.98
4525    80.83
4662    87.84
4658    84.5
4656    91.59
4661    87.83
4659    86.21
4665    93.08
4660    92.78
4758    93.55
4762    100.0
4757    88.89
4713    94.08
4717    83.87
4714    93.58
4716    93.24
4743    86.67
4723    92.67
4728    91.84
4724    96.33
4731    94.19
4646    92.41
4647    94.07
4650    91.11
4648    92.75
4651    84.51
4642    92.31
4636    95.33
4645    81.19
4638    88.66
4641    93.62
4637    90.48
4639    83.69
4490    82.67
4484    92.54
4489    90.08
4486    94.12
4485    95.54
4596    89.33
4612    86.39
4616    87.4
4611    83.15
4609    89.96
4544    84.14
4542    83.46
4543    84.15
4506    82.35
4507    92.86
4505    90.87
4504    82.87
4512    91.67
4475    86.92
4473    90.94
4472    87.87
4482    90.3
4481    94.55
4476    86.59
4540    91.2
4536    91.75
4537    83.0
4533    88.57
4560    86.27
4557    94.04
4556    94.92
4555    87.59
4552    94.84
4559    88.19
4554    95.02
4553    92.33
4558    90.73
4601    81.66
4705    81.54
4572    89.32
4575    91.54
4577    85.25
4571    86.46
4574    89.55
4578    87.04
4518    100.0
4780    85.29
4775    91.3
4782    92.54
4778    90.0
4779    89.19
4774    93.94
4776    96.0
4566    88.41
4565    83.02
4561    81.36
4698    85.71
4696    86.67
4601    81.66
4608    89.32
4604    87.22
4607    84.11
4603    93.28
4461    86.98
4462    83.78
4456    93.17
4460    81.25
4966    80.37
4968    83.11
4972    80.25
4964    85.61
4967    81.84
5116    81.02
5114    92.29
5110    87.29
5113    97.95
5115    88.48
5111    85.0
5112    82.55
5109    83.33
5011    83.33
5008    92.96
5012    87.76
5010    85.71
5006    87.27
5009    94.62
5013    89.23
4852    89.36
4843    96.54
4851    85.71
4844    83.74
4850    89.29
4847    84.91
4855    90.38
4856    86.88
4854    83.07
4857    82.55
4853    95.97
5104    91.8
5100    84.0
5107    93.68
5106    84.13
5102    87.21
5105    88.61
4842    93.83
4834    82.14
4838    89.58
4840    92.11
4835    85.92
4836    81.13
5089    89.06
5095    92.86
5093    94.23
5088    90.54
5092    100.0
5094    82.86
5096    81.25
5090    86.49
5066    83.25
5058    91.38
5060    85.23
5063    91.67
5062    87.55
5065    90.94
5059    85.84
5064    81.33
5061    84.5
5019    81.25
4995    92.68
4998    85.0
5001    94.84
5002    89.76
4996    90.55
5000    83.33
5049    85.96
5056    89.33
5047    80.62
5046    86.43
5053    81.29
5052    83.17
5048    82.01
5027    87.72
5025    88.46
5033    87.1
5034    81.43
5073    81.97
5072    86.4
5068    85.64
5070    88.15
5067    83.69
5076    86.36
5069    88.46
4979    91.73
4944    85.11
4949    82.32
4945    80.99
4951    85.28
4948    87.71
4823    84.47
4820    82.84
4825    94.99
4954    91.88
4814    88.82
4810    92.57
4813    80.39
4812    87.34
4806    91.96
4901    82.32
4903    84.11
4902    80.6
4906    85.92
4904    90.11
4905    86.6
4876    91.75
4875    81.7
4877    91.67
4879    83.13
4874    90.5
4873    93.22
4868    85.75
4872    88.04
4916    90.0
4923    91.81
4921    93.51
4919    84.8
4926    93.36
4922    88.1
4925    85.71
4920    88.92
4927    81.69
4924    88.52
5118    84.51
4888    90.52
4889    92.97
4886    90.91
4883    96.0
4871    89.22
4872    88.04
4868    85.75
4869    87.44
4936    89.9
4937    87.06
5226    84.21
5298    100.0
5246    92.98
5264    100.0
5227    83.05
5280    81.82
5242    100.0
5245    85.71
5265    100.0
5285    100.0
5211    88.46
5204    84.0
5221    88.73
5208    83.78
5241    100.0
5238    100.0
5299    87.5
5260    100.0
5292    85.19
5275    100.0
5267    100.0
5281    100.0
5244    100.0
5278    100.0
5296    100.0
5341    93.75
5317    91.89
5381    87.05
5349    87.5
5312    100.0
5309    91.67
5373    87.5
5319    88.41
5320    94.12
5331    92.31
5300    100.0
5321    100.0
5372    85.71
5333    91.67
5384    83.33
5353    88.89
5307    100.0
5346    91.53
5392    97.92
5302    100.0
5305    100.0
5376    100.0
5325    100.0
5344    100.0
5301    83.33
5393    100.0
5327    100.0
5388    100.0
5314    100.0
5330    100.0
5396    100.0
5397    100.0
5399    90.24
5318    87.88
5332    83.33
5394    100.0
5390    100.0
5303    86.96
5374    100.0
5338    83.33
5328    83.33
5377    100.0
5417    83.33
5427    100.0
5444    84.62
5458    93.33
5452    85.71
5424    100.0
5485    83.33
5415    93.1
5421    89.19
5449    100.0
5413    87.5
5416    83.33
5414    83.33
5454    100.0
5490    80.95
5451    100.0
5419    84.62
5408    100.0
5405    100.0
5482    83.33
5435    100.0
5457    100.0
5409    84.0
5407    100.0
5434    83.33
5499    84.85
5483    100.0
5402    81.82
5479    100.0
5403    92.31
5443    100.0
5447    100.0
5412    83.87
5489    100.0
5436    100.0
5460    100.0
5401    100.0
5495    100.0
5494    87.5
5448    83.33
5492    94.12
5423    100.0
5456    85.71
5455    83.33
5430    88.89
5426    100.0
5488    100.0
5586    90.91
5565    85.71
5552    100.0
5545    81.16
5587    100.0
5525    100.0
5569    92.31
5576    90.0
5529    85.71
5526    84.21
5533    100.0
5550    100.0
5595    83.33
5551    94.12
5592    100.0
5598    81.25
5528    83.33
5597    83.33
5577    100.0
5591    100.0
5535    100.0
5527    100.0
5532    83.33
5531    81.48
5530    93.33
5581    100.0
5520    87.1
5515    88.89
5579    90.0
5596    83.33
5524    100.0
5518    83.33
5514    87.5
5501    100.0
5660    100.0
5677    100.0
5623    83.33
5636    85.71
5654    100.0
5630    100.0
5659    100.0
5695    91.84
5665    100.0
5626    100.0
5632    86.96
5614    100.0
5680    100.0
5650    100.0
5674    81.25
5620    90.0
5683    83.4
5679    100.0
5682    92.14
5609    100.0
5631    100.0
5684    88.48
5607    100.0
5663    83.33
5696    94.37
5604    100.0
5697    96.0
5669    100.0
5635    100.0
5608    100.0
5649    100.0
5629    86.67
5624    83.56
5145    100.0
5139    80.3
5160    82.35
5159    80.95
5155    92.86
5157    100.0
5167    100.0
5165    100.0
5184    83.33
5180    100.0
5177    83.33
5191    100.0
5195    100.0
5197    83.33
5204    84.0
5211    88.46
5208    83.78
5221    88.73
5569    92.31
5514    87.5
5341    93.75
5346    91.53
5344    100.0
5246    92.98
5227    83.05
5226    84.21
5577    100.0
5576    90.0
5238    100.0
5587    100.0
5591    100.0
5592    100.0
5586    90.91
5241    100.0
5242    100.0
5245    85.71
5244    100.0
5373    87.5
5374    100.0
5372    85.71
5376    100.0
5377    100.0
5298    100.0
5300    100.0
5301    83.33
5296    100.0
5299    87.5
5436    100.0
5435    100.0
5434    83.33
5597    83.33
5596    83.33
5595    83.33
5598    81.25
5384    83.33
5381    87.05
5444    84.62
5443    100.0
5518    83.33
5520    87.1
5515    88.89
5278    100.0
5275    100.0
5280    81.82
5604    100.0
5608    100.0
5609    100.0
5607    100.0
5388    100.0
5390    100.0
5392    97.92
5393    100.0
5305    100.0
5302    100.0
5307    100.0
5303    86.96
5451    100.0
5448    83.33
5449    100.0
5447    100.0
5452    85.71
5489    100.0
5488    100.0
5485    83.33
5528    83.33
5525    100.0
5530    93.33
5524    100.0
5529    85.71
5526    84.21
5527    100.0
5649    100.0
5581    100.0
5579    90.0
5281    100.0
5285    100.0
5614    100.0
5394    100.0
5396    100.0
5399    90.24
5397    100.0
5426    100.0
5427    100.0
5424    100.0
5430    88.89
5312    100.0
5309    91.67
5314    100.0
5454    100.0
5456    85.71
5455    83.33
5457    100.0
5458    93.33
5494    87.5
5495    100.0
5490    80.95
5492    94.12
5260    100.0
5265    100.0
5264    100.0
5267    100.0
5552    100.0
5551    94.12
5550    100.0
5532    83.33
5533    100.0
5531    81.48
5535    100.0
5654    100.0
5650    100.0
5292    85.19
5626    100.0
5623    83.33
5624    83.56
5620    90.0
5407    100.0
5401    100.0
5403    92.31
5402    81.82
5405    100.0
5353    88.89
5349    87.5
5320    94.12
5317    91.89
5321    100.0
5319    88.41
5318    87.88
5460    100.0
5501    100.0
5499    84.85
5679    100.0
5674    81.25
5680    100.0
5677    100.0
5545    81.16
5665    100.0
5663    83.33
5659    100.0
5660    100.0
5631    100.0
5632    86.96
5635    100.0
5629    86.67
5630    100.0
5415    93.1
5412    83.87
5413    87.5
5408    100.0
5409    84.0
5414    83.33
5325    100.0
5327    100.0
5328    83.33
5338    83.33
5479    100.0
5483    100.0
5482    83.33
5565    85.71
5636    85.71
5669    100.0
5636    85.71
5416    83.33
5423    100.0
5419    84.62
5417    83.33
5421    89.19
5333    91.67
5330    100.0
5332    83.33
5331    92.31
5684    88.48
5682    92.14
5683    83.4
5795    83.12
5736    85.71
5701    80.39
5778    91.3
5725    84.33
5772    85.88
5729    84.62
5723    95.68
5713    80.37
5753    89.86
5761    81.72
5726    82.03
5783    85.76
5752    85.06
5773    92.19
5721    87.76
5775    86.21
5733    88.73
5724    91.56
5764    82.98
5791    84.87
5790    80.33
5781    82.19
5799    89.78
5784    94.52
5737    93.71
5774    80.49
5798    85.0
5739    87.18
5797    89.12
5746    97.22
5695    91.84
5701    80.39
5696    94.37
5697    96.0
5713    80.37
5721    87.76
5866    88.06
5861    91.73
5865    92.38
5864    89.52
5863    90.0
5867    95.31
5841    85.71
5840    85.54
5845    91.3
5850    94.3
5842    81.13
5839    80.49
5844    82.88
5847    82.35
5971    95.0
5967    85.0
5965    81.82
5963    91.14
5964    84.44
5968    93.9
5852    81.43
5859    84.62
5856    86.67
5855    82.76
5858    85.71
5811    84.04
5814    95.54
5809    85.05
5813    85.19
5817    87.5
5818    89.09
5984    81.59
5988    84.62
5987    89.89
5990    80.33
5989    92.55
5764    82.98
5761    81.72
5724    91.56
5723    95.68
5725    84.33
5726    82.03
5729    84.62
5832    100.0
5830    96.3
5831    91.18
5872    89.08
5870    89.82
5876    81.98
5877    86.41
5873    82.19
5874    82.22
5875    85.71
6008    87.2
5886    93.31
5880    94.04
5888    80.81
5914    85.37
5905    85.53
5901    92.35
5904    93.41
5752    85.06
5753    89.86
5823    91.8
5828    89.42
5824    87.62
5795    83.12
5791    84.87
5799    89.78
5797    89.12
5790    80.33
5798    85.0
5781    82.19
5783    85.76
5784    94.52
5804    87.5
5800    93.42
5807    95.59
5806    95.07
5802    80.95
5801    92.9
5803    89.31
5944    85.71
5949    83.72
5932    93.04
5928    82.49
5935    87.39
5931    90.54
5934    87.32
5930    94.06
5933    83.33
5958    90.0
5889    92.99
5894    87.22
5891    80.65
5893    87.88
5896    84.62
5899    84.34
5739    87.18
5737    93.71
5736    85.71
5733    88.73
5746    97.22
5778    91.3
5774    80.49
5772    85.88
5775    86.21
5773    92.19
5958    90.0
5841    85.71
5845    91.3
5865    92.38
5880    94.04
5896    84.62
5850    94.3
5847    82.35
5844    82.88
5852    81.43
5811    84.04
5828    89.42
5866    88.06
5856    86.67
5824    87.62
5891    80.65
5870    89.82
5839    80.49
5803    89.31
5817    87.5
5893    87.88
5872    89.08
5840    85.54
5876    81.98
5823    91.8
5889    92.99
5818    89.09
5894    87.22
5873    82.19
5874    82.22
5875    85.71
5831    91.18
5864    89.52
5813    85.19
5863    90.0
5842    81.13
5802    80.95
5867    95.31
5800    93.42
5886    93.31
5858    85.71
5832    100.0
5855    82.76
5888    80.81
5830    96.3
5899    84.34
5859    84.62
5806    95.07
5804    87.5
5814    95.54
5861    91.73
5877    86.41
5807    95.59
5809    85.05
5801    92.9
5988    84.62
5968    93.9
5989    92.55
5987    89.89
5905    85.53
5901    92.35
5933    83.33
5963    91.14
5935    87.39
5932    93.04
5930    94.06
5928    82.49
5934    87.32
5944    85.71
5967    85.0
5931    90.54
5971    95.0
5990    80.33
5964    84.44
5965    81.82
5904    93.41
5984    81.59
5958    90.0
5949    83.72
5914    85.37
6029    80.8
6093    92.59
6027    82.7
6032    86.25
6039    82.79
6094    84.75
6096    81.97
6068    86.49
6044    86.18
6091    92.86
6075    81.82
6095    88.98
6076    82.61
6040    89.92
6088    84.78
6070    80.82
6042    86.49
6073    80.25
6092    81.08
6008    87.2
6038    94.66
6099    87.1
6089    82.05
6047    83.06
6029    80.8
6027    82.7
6032    86.25
6321    91.3
6319    86.92
6326    86.63
6349    83.33
6344    84.62
6345    86.87
6347    84.62
6342    91.84
6340    89.58
6075    81.82
6076    82.61
6073    80.25
6068    86.49
6070    80.82
6368    91.46
6360    93.46
6118    90.26
6117    88.03
6113    94.35
6114    93.44
6202    90.14
6205    81.37
6204    81.42
6201    91.36
6380    93.55
6378    85.29
6381    100.0
6372    88.89
6379    96.77
6376    93.75
6150    85.62
6148    94.02
6142    83.54
6149    90.85
6144    86.06
6047    83.06
6040    89.92
6044    86.18
6038    94.66
6039    82.79
6042    86.49
6331    88.46
6328    87.04
6336    98.5
6337    82.98
6338    96.49
6332    86.67
6300    87.1
6303    81.82
6306    86.96
6389    98.21
6386    96.77
6384    85.71
6383    96.97
6185    85.88
6184    89.32
6182    86.43
6186    85.37
6183    92.31
6188    88.24
6257    85.23
6261    88.71
6260    89.47
6262    91.44
6264    86.3
6255    80.42
6283    83.33
6277    82.4
6272    80.85
6274    80.19
6269    82.22
6270    91.96
6273    80.77
6271    81.25
6156    84.55
6153    82.68
6152    91.93
6160    80.62
6133    86.73
6132    87.32
6134    92.24
6138    94.17
6135    84.72
6136    85.33
6125    95.54
6127    80.68
6126    91.67
6123    83.96
6129    91.18
6172    88.16
6181    89.59
6177    92.78
6175    81.44
6174    88.33
6176    86.96
6192    85.45
6096    81.97
6099    87.1
6095    88.98
6094    84.75
6100    86.76
6225    96.03
6230    80.72
6235    94.44
6226    86.67
6233    84.85
6228    83.02
6089    82.05
6093    92.59
6092    81.08
6091    92.86
6088    84.78
6192    85.45
6169    83.33
6168    93.75
6161    92.07
6166    91.3
6162    80.3
6164    80.88
6185    85.88
6160    80.62
6162    80.3
6114    93.44
6148    94.02
6134    92.24
6186    85.37
6168    93.75
6169    83.33
6142    83.54
6125    95.54
6132    87.32
6177    92.78
6136    85.33
6174    88.33
6118    90.26
6164    80.88
6172    88.16
6127    80.68
6123    83.96
6166    91.3
6176    86.96
6153    82.68
6182    86.43
6184    89.32
6133    86.73
6156    84.55
6129    91.18
6113    94.35
6100    86.76
6138    94.17
6161    92.07
6181    89.59
6175    81.44
6149    90.85
6135    84.72
6126    91.67
6144    86.06
6152    91.93
6188    88.24
6150    85.62
6117    88.03
6183    92.31
6192    85.45
6272    80.85
6269    82.22
6202    90.14
6260    89.47
6270    91.96
6201    91.36
6226    86.67
6233    84.85
6225    96.03
6235    94.44
6274    80.19
6205    81.37
6277    82.4
6271    81.25
6261    88.71
6228    83.02
6204    81.42
6230    80.72
6255    80.42
6283    83.33
6257    85.23
6273    80.77
6262    91.44
6264    86.3
6328    87.04
6336    98.5
6384    85.71
6332    86.67
6345    86.87
6306    86.96
6319    86.92
6347    84.62
6378    85.29
6368    91.46
6338    96.49
6360    93.46
6380    93.55
6303    81.82
6396    81.38
6398    80.25
6300    87.1
6381    100.0
6349    83.33
6331    88.46
6386    96.77
6379    96.77
6383    96.97
6340    89.58
6389    98.21
6326    86.63
6344    84.62
6376    93.75
6321    91.3
6342    91.84
6372    88.89
6337    82.98
6472    95.83
6486    88.89
6455    91.67
6442    85.45
6435    81.25
6474    91.84
6484    88.52
6433    96.04
6456    95.83
6450    84.03
6405    86.0
6494    89.73
6470    86.79
6496    84.85
6499    94.44
6466    97.73
6467    90.45
6440    88.73
6400    87.59
6495    88.89
6401    83.33
6444    90.06
6465    93.16
6471    94.59
6462    82.22
6447    82.26
6469    95.77
6436    89.01
6493    89.38
6480    94.19
6497    81.34
6468    95.04
6452    90.0
6498    92.42
6437    96.54
6479    83.72
6434    93.22
6439    88.0
6481    91.6
6485    89.47
6475    88.39
6400    87.59
6396    81.38
6401    83.33
6398    80.25
6758    95.28
6765    80.27
6759    92.22
6764    83.49
6655    84.25
6657    89.66
6653    86.19
6659    90.83
6650    91.13
6542    87.67
6540    80.91
6439    88.0
6436    89.01
6440    88.73
6437    96.54
6442    85.45
6434    93.22
6435    81.25
6455    91.67
6462    82.22
6456    95.83
6640    91.67
6632    80.77
6634    86.05
6641    92.31
6602    87.96
6607    84.85
6604    82.98
6605    85.71
6603    80.6
6606    95.65
6608    96.08
6600    91.03
6664    80.95
6661    87.5
6662    89.42
6663    80.23
6695    86.67
6693    86.67
6702    83.33
6698    87.5
6699    82.35
6701    84.62
6696    80.95
6697    95.65
6703    87.14
6705    86.84
6704    84.62
6709    93.75
6711    100.0
6739    86.24
6741    82.57
6752    91.49
6751    92.5
6750    80.49
6611    87.88
6620    88.46
6613    84.0
6621    81.48
6509    95.35
6503    85.19
6511    80.43
6502    95.0
6505    86.67
6510    91.46
6506    95.24
6500    95.4
6508    85.71
6591    94.51
6585    90.0
6588    88.68
6581    85.93
6676    83.33
6675    84.62
6630    84.21
6624    94.19
6623    86.13
6628    96.99
6626    97.56
6433    96.04
6577    86.96
6573    86.0
6578    81.66
6571    83.62
6574    82.54
6525    80.08
6527    86.06
6530    83.3
6528    85.44
6560    81.44
6554    87.9
6561    84.09
6472    95.83
6467    90.45
6465    93.16
6470    86.79
6471    94.59
6466    97.73
6469    95.77
6468    95.04
6484    88.52
6485    89.47
6548    80.95
6493    89.38
6496    84.85
6498    92.42
6499    94.44
6495    88.89
6494    89.73
6497    81.34
6564    85.71
6568    96.83
6569    91.02
6517    97.15
6513    81.36
6514    83.72
6512    96.32
6524    87.5
6519    84.62
6518    92.7
6516    82.57
6520    89.19
6450    84.03
6452    90.0
6444    90.06
6447    82.26
6481    91.6
6480    94.19
6474    91.84
6479    83.72
6475    88.39
6484    88.52
6486    88.89
6485    89.47
6405    86.0
6517    97.15
6503    85.19
6508    85.71
6548    80.95
6528    85.44
6569    91.02
6578    81.66
6542    87.67
6568    96.83
6514    83.72
6511    80.43
6574    82.54
6505    86.67
6581    85.93
6571    83.62
6561    84.09
6512    96.32
6519    84.62
6527    86.06
6573    86.0
6510    91.46
6525    80.08
6554    87.9
6588    88.68
6530    83.3
6520    89.19
6502    95.0
6509    95.35
6585    90.0
6560    81.44
6500    95.4
6516    82.57
6591    94.51
6524    87.5
6506    95.24
6513    81.36
6577    86.96
6540    80.91
6564    85.71
6518    92.7
6655    84.25
6664    80.95
6620    88.46
6698    87.5
6693    86.67
6661    87.5
6641    92.31
6663    80.23
6624    94.19
6632    80.77
6650    91.13
6657    89.66
6603    80.6
6606    95.65
6611    87.88
6676    83.33
6626    97.56
6621    81.48
6695    86.67
6653    86.19
6634    86.05
6697    95.65
6630    84.21
6640    91.67
6675    84.62
6605    85.71
6613    84.0
6602    87.96
6623    86.13
6604    82.98
6600    91.03
6607    84.85
6628    96.99
6659    90.83
6696    80.95
6608    96.08
6699    82.35
6662    89.42
6704    84.62
6711    100.0
6702    83.33
6752    91.49
6750    80.49
6705    86.84
6787    86.89
6796    92.2
6765    80.27
6764    83.49
6709    93.75
6794    81.82
6789    81.99
6703    87.14
6741    82.57
6739    86.24
6798    83.78
6751    92.5
6758    95.28
6701    84.62
6759    92.22
7164    83.59
6965    94.64
7055    90.0
7054    95.0
7050    92.77
7052    90.91
6851    87.14
6848    90.0
6853    92.44
6847    83.67
6844    82.24
7061    91.11
7058    86.81
7063    92.0
7065    91.3
7068    88.06
6895    90.0
6905    81.36
6901    89.66
6900    80.77
6899    95.18
6897    92.59
6896    98.75
6921    89.41
6925    88.89
6924    87.62
6917    82.95
6926    88.89
7079    92.31
7077    100.0
7072    82.35
7073    93.02
7070    84.44
6916    81.82
6907    86.34
6909    91.07
6908    90.68
6915    81.61
6914    91.94
6910    92.74
6906    97.56
6802    91.72
6809    89.83
6811    84.85
6806    89.58
6801    92.45
6807    91.22
6977    97.3
6970    100.0
6972    89.29
6979    88.0
6969    91.3
6976    92.0
7143    86.21
7139    83.58
7147    81.94
7002    96.55
7009    89.19
7001    96.55
7006    95.83
7004    94.12
7012    100.0
7017    95.51
7013    97.03
7015    93.9
7018    93.94
7014    85.37
6835    84.31
6833    88.97
6834    92.06
6839    85.71
6837    89.34
6832    90.71
7035    97.62
7037    84.0
7043    84.0
6930    90.81
6932    82.26
6934    83.43
6954    93.22
6855    83.51
6862    95.45
6892    83.02
6885    87.28
6887    84.32
6890    82.5
6884    86.01
6888    85.0
6829    83.87
6827    85.47
6828    82.57
6821    89.51
6825    85.12
7099    90.0
7097    88.52
7091    93.98
7096    93.91
7095    93.67
7092    96.9
7094    91.62
7123    100.0
6817    93.18
6819    88.64
6820    88.57
6813    91.39
6812    86.11
6814    82.67
6818    93.22
6816    91.07
6873    81.94
6872    88.89
6871    83.33
6865    83.59
7108    100.0
6866    93.55
6873    81.94
6865    83.59
6872    88.89
6868    88.0
6871    83.33
6798    83.78
6796    92.2
6794    81.82
7108    100.0
6873    81.94
6789    81.99
6787    86.89
7157    82.76
7161    84.85
6820    88.57
6818    93.22
6899    95.18
6868    88.0
6814    82.67
6873    81.94
6811    84.85
6832    90.71
6816    91.07
6872    88.89
6847    83.67
6819    88.64
6813    91.39
6837    89.34
6896    98.75
6809    89.83
6817    93.18
6812    86.11
6884    86.01
6871    83.33
6851    87.14
6839    85.71
6827    85.47
6802    91.72
6825    85.12
6862    95.45
6895    90.0
6828    82.57
6821    89.51
6844    82.24
6892    83.02
6855    83.51
6848    90.0
6887    84.32
6834    92.06
6885    87.28
6890    82.5
6806    89.58
6835    84.31
6833    88.97
6865    83.59
6801    92.45
6866    93.55
6829    83.87
6888    85.0
6853    92.44
6897    92.59
6807    91.22
6910    92.74
6954    93.22
6914    91.94
6900    80.77
6926    88.89
6932    82.26
6969    91.3
6977    97.3
6925    88.89
6930    90.81
6916    81.82
6979    88.0
6976    92.0
6915    81.61
6907    86.34
6906    97.56
6924    87.62
6965    94.64
6921    89.41
6972    89.29
6934    83.43
6908    90.68
6970    100.0
6909    91.07
6905    81.36
6901    89.66
6917    82.95
7035    97.62
7052    90.91
7055    90.0
7002    96.55
7096    93.91
7054    95.0
7065    91.3
7073    93.02
7094    91.62
7079    92.31
7043    84.0
7004    94.12
7013    97.03
7015    93.9
7017    95.51
7095    93.67
7061    91.11
7099    90.0
7077    100.0
7097    88.52
7072    82.35
7058    86.81
7001    96.55
7014    85.37
7070    84.44
7009    89.19
7012    100.0
7050    92.77
7037    84.0
7006    95.83
7068    88.06
7063    92.0
7092    96.9
7018    93.94
7091    93.98
7157    82.76
7147    81.94
7123    100.0
7190    87.5
7189    96.77
7161    84.85
7164    83.59
7143    86.21
7173    82.61
7183    84.62
7195    100.0
7194    91.3
7178    82.35
7192    80.56
7108    100.0
7139    83.58
7561    90.48
7560    84.5
7263    86.49
7265    100.0
7270    85.37
7267    85.0
7195    100.0
7190    87.5
7189    96.77
7183    84.62
7194    91.3
7192    80.56
7571    83.1
7572    91.94
7568    89.66
7227    90.91
7234    90.48
7226    90.24
7233    95.65
7229    90.0
7235    90.98
7236    88.46
7237    97.78
7230    94.85
7232    97.73
7339    94.12
7341    80.65
7344    89.13
7337    96.06
7340    82.46
7343    93.75
7258    91.67
7251    87.5
7260    100.0
7214    93.28
7222    89.74
7215    93.67
7219    92.98
7225    90.8
7218    85.71
7536    84.21
7306    81.08
7301    96.59
7300    96.59
7311    99.03
7308    98.44
7305    84.62
7303    95.38
7304    87.8
7307    87.5
7411    88.1
7401    90.48
7405    95.24
7410    93.75
7241    93.75
7242    100.0
7482    88.33
7460    96.3
7455    88.89
7461    85.71
7464    93.33
7456    100.0
7462    95.24
7454    94.64
7528    96.67
7529    97.78
7527    81.48
7525    86.67
7522    90.91
7530    80.77
7523    96.0
7531    96.97
7416    83.33
7414    80.95
7413    81.4
7412    94.74
7331    88.89
7324    81.51
7327    87.36
7470    85.71
7428    100.0
7427    82.98
7431    94.23
7425    81.82
7178    82.35
7173    82.61
7275    90.23
7278    85.71
7279    88.89
7273    81.25
7276    86.92
7211    91.95
7206    89.01
7207    91.91
7209    85.59
7288    90.0
7361    93.26
7359    95.53
7366    90.24
7365    96.83
7363    97.03
7360    91.3
7362    85.19
7292    88.24
7348    81.82
7353    88.37
7350    85.42
7355    86.75
7352    85.71
7356    100.0
7371    82.22
7390    90.0
7392    81.82
7391    94.74
7388    92.31
7384    89.25
7292    88.24
7296    89.19
7298    96.55
7382    87.18
7383    87.5
7544    83.33
7227    90.91
7276    86.92
7230    94.85
7237    97.78
7278    85.71
7288    90.0
7267    85.0
7233    95.65
7235    90.98
7263    86.49
7279    88.89
7273    81.25
7296    89.19
7226    90.24
7211    91.95
7229    90.0
7215    93.67
7241    93.75
7209    85.59
7219    92.98
7265    100.0
7251    87.5
7260    100.0
7298    96.55
7275    90.23
7222    89.74
7214    93.28
7234    90.48
7292    88.24
7225    90.8
7270    85.37
7232    97.73
7258    91.67
7206    89.01
7242    100.0
7207    91.91
7236    88.46
7218    85.71
7306    81.08
7327    87.36
7362    85.19
7308    98.44
7350    85.42
7359    95.53
7303    95.38
7390    90.0
7344    89.13
7305    84.62
7348    81.82
7341    80.65
7392    81.82
7388    92.31
7300    96.59
7331    88.89
7383    87.5
7352    85.71
7324    81.51
7304    87.8
7343    93.75
7307    87.5
7353    88.37
7339    94.12
7366    90.24
7356    100.0
7382    87.18
7365    96.83
7391    94.74
7311    99.03
7337    96.06
7371    82.22
7355    86.75
7361    93.26
7363    97.03
7301    96.59
7384    89.25
7340    82.46
7360    91.3
7414    80.95
7431    94.23
7412    94.74
7425    81.82
7482    88.33
7405    95.24
7401    90.48
7462    95.24
7455    88.89
7411    88.1
7413    81.4
7461    85.71
7454    94.64
7470    85.71
7428    100.0
7456    100.0
7460    96.3
7410    93.75
7427    82.98
7416    83.33
7464    93.33
7509    85.71
7505    84.44
7512    86.0
7528    96.67
7529    97.78
7512    86.0
7505    84.44
7531    96.97
7571    83.1
7561    90.48
7527    81.48
7536    84.21
7544    83.33
7572    91.94
7560    84.5
7525    86.67
7522    90.91
7530    80.77
7509    85.71
7568    89.66
7523    96.0
7732    100.0
7728    85.71
7730    100.0
7731    100.0
7724    100.0
7727    100.0
7733    100.0
7612    100.0
7613    100.0
7968    100.0
7964    100.0
7671    100.0
7678    100.0
7737    100.0
7734    92.31
7603    92.31
7606    80.95
7608    89.74
7720    88.89
7722    93.33
7711    88.46
7714    85.0
7834    90.91
7835    83.33
7660    100.0
7655    100.0
7661    100.0
7658    83.33
7656    100.0
7633    87.64
7641    81.82
7636    80.43
7816    95.45
7817    90.0
7819    100.0
7815    88.89
8012    86.36
